Run	Trial	Cond	Vid	Behav
1	1	1	1	0
2	412	2	2	0
3	413	2	3	0
4	209	1	4	0
5	5	1	5	0
6	211	1	6	0
7	417	2	7	0
8	418	2	8	0
9	9	1	9	0
10	10	1	10	0
11	421	2	11	0
12	217	1	12	0
13	13	1	13	1
14	14	1	14	0
15	220	1	15	1
16	426	2	16	0
17	427	2	17	1
18	428	2	18	0
19	429	2	19	0
20	20	1	20	0
21	21	1	21	0
22	432	2	22	0
23	228	1	23	0
24	434	2	24	0
25	25	1	25	0
26	231	1	26	0
27	27	1	27	1
28	28	1	28	0
29	234	1	29	0
30	30	1	30	0
31	31	1	31	0
32	32	1	32	0
33	443	2	33	0
34	34	1	34	0
35	35	1	35	0
36	36	1	36	0
37	447	2	37	0
38	448	2	38	0
39	244	1	39	0
40	245	1	40	0
41	41	1	41	0
42	247	1	42	0
43	248	1	43	0
44	454	2	44	0
45	45	1	45	0
46	251	1	46	0
47	457	2	47	0
48	458	2	48	0
49	49	1	49	0
50	460	2	50	0
51	51	1	51	0
52	52	1	52	0
53	463	2	53	0
54	464	2	54	0
55	260	1	55	0
56	261	1	56	0
57	467	2	57	0
58	263	1	58	0
59	264	1	59	0
60	60	1	60	1
61	61	1	61	0
62	267	1	62	1
63	473	2	63	1
64	269	1	64	0
65	270	1	65	1
66	476	2	66	0
67	477	2	67	0
68	68	1	68	0
69	69	1	69	0
70	480	2	70	0
71	71	1	71	0
72	72	1	72	0
73	483	2	73	0
74	74	1	74	0
75	485	2	75	0
76	76	1	76	0
77	77	1	77	0
78	283	1	78	0
79	489	2	79	1
80	490	2	80	0
81	286	1	81	0
82	82	1	82	0
83	288	1	83	1
84	289	1	84	0
85	85	1	85	0
86	86	1	86	0
87	497	2	87	0
88	88	1	88	0
89	499	2	89	0
90	500	2	90	0
91	501	2	91	0
92	92	1	92	1
93	93	1	93	0
94	94	1	94	0
95	95	1	95	0
96	506	2	96	0
97	507	2	97	0
98	98	1	98	0
99	304	1	99	1
100	510	2	100	1
101	511	2	101	0
102	512	2	102	0
103	103	1	103	0
104	104	1	104	0
105	105	1	105	0
106	311	2	106	0
107	107	1	107	0
108	108	1	108	1
109	314	2	109	0
110	520	2	110	1
111	111	1	111	0
112	317	2	112	0
113	113	1	113	0
114	524	2	114	0
115	115	1	115	0
116	321	2	116	0
117	117	1	117	0
118	323	2	118	0
119	324	2	119	0
120	325	2	120	0
121	326	2	121	0
122	122	1	122	0
123	328	2	123	0
124	329	2	124	0
125	125	1	125	0
126	331	2	126	0
127	127	1	127	0
128	538	2	128	0
129	129	1	129	0
130	130	1	130	1
131	336	2	131	0
132	132	1	132	0
133	543	2	133	0
134	544	2	134	0
135	545	2	135	0
136	136	1	136	0
137	547	2	137	1
138	343	2	138	1
139	139	1	139	0
140	345	2	140	0
141	551	2	141	0
142	142	1	142	0
143	143	1	143	0
144	144	1	144	0
145	555	2	145	0
146	146	1	146	0
147	557	2	147	0
148	353	2	148	0
149	354	2	149	0
150	150	1	150	0
151	561	2	151	0
152	562	2	152	0
153	563	2	153	1
154	564	2	154	0
155	565	2	155	1
156	156	1	156	0
157	362	2	157	0
158	363	2	158	0
159	364	2	159	0
160	160	1	160	1
161	161	1	161	0
162	572	2	162	0
163	368	2	163	0
164	574	2	164	1
165	575	2	165	0
166	166	1	166	1
167	167	1	167	0
168	168	1	168	0
169	169	1	169	0
170	170	1	170	1
171	581	2	171	0
172	582	2	172	0
173	378	2	173	0
174	584	2	174	0
175	175	1	175	0
176	381	2	176	0
177	382	2	177	0
178	383	2	178	0
179	384	2	179	0
180	590	2	180	1
181	386	2	181	0
182	592	2	182	0
183	388	2	183	1
184	389	2	184	0
185	595	2	185	1
186	186	1	186	0
187	187	1	187	0
188	393	2	188	0
189	189	1	189	0
190	190	1	190	0
191	601	2	191	0
192	397	2	192	1
193	603	2	193	0
194	399	2	194	0
195	605	2	195	0
196	606	2	196	1
197	607	2	197	0
198	608	2	198	0
199	609	2	199	1
200	200	1	200	0
201	201	1	201	0
202	612	2	202	0
203	613	2	203	0
204	614	2	204	0
205	615	2	205	0
206	411	2	1	0
207	207	1	2	0
208	3	1	3	0
209	414	2	4	0
210	210	1	5	0
211	416	2	6	0
212	7	1	7	1
213	8	1	8	0
214	214	1	9	0
215	420	2	10	0
216	11	1	11	0
217	422	2	12	0
218	218	1	13	0
219	219	1	14	0
220	425	2	15	0
221	221	1	16	0
222	222	1	17	0
223	18	1	18	0
224	224	1	19	0
225	430	2	20	1
226	226	1	21	0
227	227	1	22	0
228	23	1	23	0
229	229	1	24	0
230	435	2	25	0
231	26	1	26	1
232	232	1	27	0
233	233	1	28	0
234	29	1	29	1
235	235	1	30	0
236	441	2	31	0
237	237	1	32	0
238	33	1	33	1
239	239	1	34	0
240	240	1	35	0
241	241	1	36	0
242	242	1	37	0
243	38	1	38	0
244	449	2	39	1
245	40	1	40	0
246	451	2	41	0
247	42	1	42	0
248	43	1	43	0
249	44	1	44	0
250	250	1	45	0
251	46	1	46	0
252	252	1	47	1
253	253	1	48	1
254	254	1	49	0
255	50	1	50	1
256	256	1	51	0
257	462	2	52	0
258	53	1	53	0
259	54	1	54	0
260	55	1	55	1
261	56	1	56	1
262	262	1	57	1
263	468	2	58	0
264	469	2	59	0
265	265	1	60	0
266	266	1	61	0
267	62	1	62	0
268	63	1	63	0
269	64	1	64	1
270	475	2	65	0
271	271	1	66	0
272	272	1	67	0
273	478	2	68	0
274	274	1	69	0
275	70	1	70	0
276	276	1	71	0
277	277	1	72	0
278	278	1	73	0
279	484	2	74	0
280	280	1	75	0
281	281	1	76	1
282	487	2	77	0
283	488	2	78	0
284	284	1	79	0
285	80	1	80	0
286	81	1	81	0
287	287	1	82	0
288	493	2	83	0
289	494	2	84	0
290	290	1	85	1
291	496	2	86	0
292	87	1	87	0
293	498	2	88	1
294	294	1	89	0
295	295	1	90	0
296	91	1	91	0
297	502	2	92	0
298	298	1	93	0
299	299	1	94	0
300	300	1	95	0
301	96	1	96	0
302	97	1	97	0
303	508	2	98	0
304	509	2	99	0
305	100	1	100	0
306	101	1	101	0
307	102	1	102	0
308	308	2	103	1
309	514	2	104	0
310	310	2	105	0
311	106	1	106	0
312	312	2	107	0
313	313	2	108	0
314	109	1	109	1
315	110	1	110	1
316	316	2	111	1
317	112	1	112	0
318	523	2	113	1
319	114	1	114	0
320	525	2	115	0
321	526	2	116	0
322	527	2	117	0
323	528	2	118	0
324	529	2	119	0
325	530	2	120	0
326	531	2	121	0
327	327	2	122	1
328	123	1	123	0
329	124	1	124	0
330	535	2	125	0
331	126	1	126	0
332	332	2	127	0
333	333	2	128	0
334	539	2	129	1
335	540	2	130	0
336	131	1	131	1
337	542	2	132	0
338	133	1	133	0
339	339	2	134	0
340	340	2	135	0
341	546	2	136	0
342	137	1	137	0
343	138	1	138	0
344	549	2	139	0
345	550	2	140	0
346	346	2	141	0
347	552	2	142	1
348	553	2	143	0
349	554	2	144	1
350	145	1	145	0
351	351	2	146	0
352	147	1	147	0
353	148	1	148	0
354	559	2	149	0
355	560	2	150	0
356	151	1	151	0
357	357	2	152	0
358	358	2	153	0
359	359	2	154	0
360	155	1	155	0
361	361	2	156	0
362	157	1	157	1
363	158	1	158	0
364	569	2	159	1
365	365	2	160	0
366	366	2	161	0
367	367	2	162	0
368	163	1	163	0
369	369	2	164	0
370	165	1	165	0
371	371	2	166	0
372	372	2	167	0
373	373	2	168	0
374	374	2	169	0
375	580	2	170	0
376	171	1	171	0
377	172	1	172	0
378	173	1	173	0
379	379	2	174	0
380	380	2	175	0
381	586	2	176	0
382	177	1	177	0
383	588	2	178	0
384	179	1	179	1
385	180	1	180	0
386	181	1	181	0
387	387	2	182	0
388	593	2	183	0
389	594	2	184	0
390	390	2	185	0
391	391	2	186	0
392	597	2	187	0
393	598	2	188	0
394	599	2	189	0
395	600	2	190	0
396	396	2	191	0
397	192	1	192	0
398	193	1	193	0
399	194	1	194	0
400	400	2	195	0
401	196	1	196	0
402	402	2	197	0
403	198	1	198	0
404	199	1	199	0
405	610	2	200	1
406	611	2	201	0
407	202	1	202	0
408	408	2	203	0
409	204	1	204	0
410	205	1	205	0
411	206	1	1	0
412	2	1	2	0
413	208	1	3	0
414	4	1	4	0
415	415	2	5	0
416	6	1	6	0
417	212	1	7	0
418	213	1	8	0
419	419	2	9	0
420	215	1	10	0
421	216	1	11	1
422	12	1	12	0
423	423	2	13	1
424	424	2	14	1
425	15	1	15	0
426	16	1	16	0
427	17	1	17	0
428	223	1	18	0
429	19	1	19	0
430	225	1	20	0
431	431	2	21	0
432	22	1	22	1
433	433	2	23	0
434	24	1	24	0
435	230	1	25	0
436	436	2	26	0
437	437	2	27	0
438	438	2	28	0
439	439	2	29	1
440	440	2	30	0
441	236	1	31	0
442	442	2	32	0
443	238	1	33	0
444	444	2	34	0
445	445	2	35	1
446	446	2	36	0
447	37	1	37	0
448	243	1	38	0
449	39	1	39	0
450	450	2	40	0
451	246	1	41	0
452	452	2	42	0
453	453	2	43	0
454	249	1	44	1
455	455	2	45	0
456	456	2	46	0
457	47	1	47	0
458	48	1	48	0
459	459	2	49	0
460	255	1	50	0
461	461	2	51	0
462	257	1	52	0
463	258	1	53	0
464	259	1	54	0
465	465	2	55	0
466	466	2	56	0
467	57	1	57	0
468	58	1	58	0
469	59	1	59	0
470	470	2	60	0
471	471	2	61	0
472	472	2	62	0
473	268	1	63	0
474	474	2	64	0
475	65	1	65	0
476	66	1	66	0
477	67	1	67	0
478	273	1	68	0
479	479	2	69	0
480	275	1	70	1
481	481	2	71	0
482	482	2	72	0
483	73	1	73	0
484	279	1	74	0
485	75	1	75	0
486	486	2	76	0
487	282	1	77	0
488	78	1	78	0
489	79	1	79	0
490	285	1	80	0
491	491	2	81	1
492	492	2	82	0
493	83	1	83	1
494	84	1	84	0
495	495	2	85	0
496	291	1	86	1
497	292	1	87	0
498	293	1	88	0
499	89	1	89	1
500	90	1	90	0
501	296	1	91	0
502	297	1	92	0
503	503	2	93	0
504	504	2	94	0
505	505	2	95	0
506	301	1	96	1
507	302	1	97	0
508	303	1	98	0
509	99	1	99	0
510	305	1	100	0
511	306	1	101	0
512	307	1	102	0
513	513	2	103	0
514	309	2	104	0
515	515	2	105	0
516	516	2	106	1
517	517	2	107	1
518	518	2	108	0
519	519	2	109	0
520	315	2	110	0
521	521	2	111	1
522	522	2	112	0
523	318	2	113	0
524	319	2	114	0
525	320	2	115	0
526	116	1	116	1
527	322	2	117	0
528	118	1	118	0
529	119	1	119	0
530	120	1	120	0
531	121	1	121	0
532	532	2	122	0
533	533	2	123	0
534	534	2	124	0
535	330	2	125	0
536	536	2	126	0
537	537	2	127	0
538	128	1	128	0
539	334	2	129	1
540	335	2	130	0
541	541	2	131	1
542	337	2	132	0
543	338	2	133	0
544	134	1	134	0
545	135	1	135	0
546	341	2	136	0
547	342	2	137	1
548	548	2	138	0
549	344	2	139	0
550	140	1	140	0
551	141	1	141	1
552	347	2	142	0
553	348	2	143	0
554	349	2	144	0
555	350	2	145	0
556	556	2	146	0
557	352	2	147	0
558	558	2	148	0
559	149	1	149	0
560	355	2	150	0
561	356	2	151	0
562	152	1	152	0
563	153	1	153	0
564	154	1	154	1
565	360	2	155	0
566	566	2	156	0
567	567	2	157	0
568	568	2	158	0
569	159	1	159	0
570	570	2	160	0
571	571	2	161	0
572	162	1	162	0
573	573	2	163	0
574	164	1	164	0
575	370	2	165	0
576	576	2	166	1
577	577	2	167	0
578	578	2	168	0
579	579	2	169	1
580	375	2	170	0
581	376	2	171	0
582	377	2	172	0
583	583	2	173	1
584	174	1	174	0
585	585	2	175	0
586	176	1	176	0
587	587	2	177	0
588	178	1	178	0
589	589	2	179	0
590	385	2	180	0
591	591	2	181	0
592	182	1	182	1
593	183	1	183	0
594	184	1	184	0
595	185	1	185	1
596	596	2	186	0
597	392	2	187	1
598	188	1	188	0
599	394	2	189	0
600	395	2	190	0
601	191	1	191	0
602	602	2	192	0
603	398	2	193	0
604	604	2	194	1
605	195	1	195	0
606	401	2	196	0
607	197	1	197	0
608	403	2	198	0
609	404	2	199	0
610	405	2	200	0
611	406	2	201	0
612	407	2	202	0
613	203	1	203	0
614	409	2	204	1
615	410	2	205	0
